
***************  coeff_sindy_all for 6 trajectories***************
['x' 'y']['x' 'y' 'xz']['z' 'xy']
[-9.9831 9.9834 27.9395 -1.0191 -0.9970 -2.6332 0.9968]
[-8.9983 8.9948 -2.1770 0.0000 0.0000 0.0000 0.0000]
[-8.4947 8.4932 27.9826 -1.0299 -0.9978 -2.6506 0.9975]
[-9.9859 9.9860 -2.9684 0.0000 0.0000 0.0000 0.0000]
[-9.9855 9.9896 26.9309 -1.0118 -0.9966 -2.9822 0.9980]
[-9.9815 9.9825 29.0592 -1.0496 -1.0000 -1.9938 0.9973]

***************  coeff_gsindy_one for 6 trajectories***************
['x' 'y']['x' 'y' 'xz']['z' 'xy']
[-9.9936 9.9884 28.0281 -1.0337 -1.0003 -2.6395 0.9972]
[-8.9971 8.9997 30.3815 -1.1158 -1.0091 -1.9961 1.0023]
[-8.4914 8.4879 27.9199 -1.0176 -0.9971 -2.6613 0.9971]
[-9.9861 9.9914 26.9875 -1.0249 -0.9980 -2.6566 0.9979]
[-9.9821 9.9871 26.9533 -1.0199 -0.9971 -2.9886 0.9977]
[-9.9816 9.9826 29.0573 -1.0485 -1.0000 -1.9939 0.9973]

***************  coeff_gsindy_all for 6 trajectories***************
['x' 'y']['x' 'y' 'xz']['z' 'xy']
[-9.9831 9.9834 27.9395 -1.0191 -0.9970 -2.6605 0.9967]
[-8.9983 8.9948 29.9904 -1.0330 -0.9984 -1.9973 0.9974]
[-8.4947 8.4932 27.9733 -1.0286 -0.9976 -2.6645 0.9975]
[-9.9859 9.9860 26.9852 -1.0336 -0.9980 -2.6611 0.9969]
[-9.9860 9.9900 26.9340 -1.0126 -0.9966 -2.9908 0.9980]
[-9.9815 9.9825 29.0592 -1.0496 -1.0000 -1.9938 0.9973]

*************** coeff_true for 6 trajectories ***************
['x' 'y']['x' 'y' 'xz']['z' 'xy']
[-10.0000 10.0000 28.0000 -1.0000 -1.0000 -2.6700 1.0000]
[-9.0000 9.0000 30.0000 -1.0000 -1.0000 -2.0000 1.0000]
[-8.5000 8.5000 28.0000 -1.0000 -1.0000 -2.6700 1.0000]
[-10.0000 10.0000 27.0000 -1.0000 -1.0000 -2.6700 1.0000]
[-10.0000 10.0000 27.0000 -1.0000 -1.0000 -3.0000 1.0000]
[-10.0000 10.0000 29.0000 -1.0000 -1.0000 -2.0000 1.0000]
