
***************  coeff_sindy_all for 6 trajectories***************
['1' 'x' 'y']['1' 'x' 'y' 'z' 'xz']['1' 'z' 'x^2' 'xy']
[0.0000 -9.9831 9.9834 0.0000 27.9395 -1.0191 0.0000 -0.9970 0.0000
 -2.6605 0.0000 0.9967]
[0.0000 -8.9983 8.9948 0.0000 29.9904 -1.0330 0.0000 -0.9984 0.0000
 -1.9973 0.0000 0.9974]
[0.0130 -8.4950 8.4932 0.2162 27.9784 -1.0310 -0.0142 -0.9976 1.2860
 -2.7405 0.0181 0.9869]
[0.0000 -9.9859 9.9860 0.0000 -11.5622 8.7854 0.0000 0.0000 0.0000 0.0000
 0.0000 0.0000]
[0.0000 -9.9860 9.9900 0.0000 26.9340 -1.0126 0.0000 -0.9966 0.0000
 -2.9908 0.0000 0.9980]
[0.0000 -9.9815 9.9825 0.0000 29.0592 -1.0496 0.0000 -1.0000 0.0000
 -1.9938 0.0000 0.9973]

***************  coeff_gsindy_one for 6 trajectories***************
['x' 'y']['1' 'x' 'y' 'z' 'x^2' 'y^2' 'xy' 'xz']['1' 'z' 'xy']
[-9.9936 9.9884 0.0000 28.0345 -1.0371 0.0000 0.0000 0.0000 0.0000 -1.0004
 0.0000 -2.6618 0.9970]
[-8.9985 8.9960 0.0000 29.9984 -1.0303 0.0000 0.0000 0.0000 0.0000 -0.9986
 0.0000 -1.9972 0.9974]
[-8.4900 8.4956 0.0000 27.9674 -1.0340 0.0000 0.0000 0.0000 0.0000 -0.9975
 -0.3571 -2.6532 1.0003]
[-9.9861 9.9915 -0.6180 26.8456 -0.9736 0.0484 -0.0276 -0.0184 0.0441
 -0.9952 -0.0183 -2.6608 0.9980]
[-10.0324 10.0241 0.0000 27.5716 -1.1201 0.0000 0.0000 0.0000 0.0000
 -1.0168 0.0000 -2.9973 0.9992]
[-9.9816 9.9825 0.0000 29.0575 -1.0487 0.0000 0.0000 0.0000 0.0000 -1.0000
 0.0000 -1.9939 0.9973]

***************  coeff_gsindy_all for 6 trajectories***************
['x' 'y']['x' 'y' 'xz']['z' 'xy']
[-9.9831 9.9834 27.9395 -1.0191 -0.9970 -2.6605 0.9967]
[-8.9983 8.9948 29.9904 -1.0330 -0.9984 -1.9973 0.9974]
[-8.4947 8.4932 27.9733 -1.0286 -0.9976 -2.6645 0.9975]
[-9.9859 9.9860 26.9852 -1.0336 -0.9980 -2.6611 0.9969]
[-9.9860 9.9900 26.9340 -1.0126 -0.9966 -2.9908 0.9980]
[-9.9815 9.9825 29.0592 -1.0496 -1.0000 -1.9938 0.9973]
