
***************  coeff_sindy_all for 6 trajectories***************
['x' 'y' 'cos(x)']['1' 'x' 'y' 'xz']['1' 'z' 'xy' '1/z' 'cos(z)']
[-9.9831 9.9834 0.0000 0.0000 27.9395 -1.0191 -0.9970 -1.2749 -2.6332
 0.9968 12.8339 -0.1224]
[-8.9983 8.9948 0.0000 0.0000 -2.1770 0.0000 0.0000 0.0000 0.0000 0.0000
 0.0000 0.0000]
[-8.4947 8.4932 0.0000 -0.1107 27.9826 -1.0299 -0.9978 -0.6722 -2.6506
 0.9975 7.0708 0.1811]
[-9.9859 9.9860 0.0000 3.6501 -2.9684 0.0000 0.0000 0.0000 0.0000 0.0000
 -13.0358 0.0000]
[-9.9855 9.9896 -0.0527 -0.0924 26.9309 -1.0118 -0.9966 -0.3557 -2.9822
 0.9980 3.0184 0.0000]
[-9.9815 9.9825 0.0000 0.0000 29.0592 -1.0496 -1.0000 0.0000 -1.9938
 0.9973 0.0000 0.0000]

***************  coeff_gsindy_one for 6 trajectories***************
['x' 'y' 'cos(x)']['x' 'y' 'xz' 'sin(y)' 'cos(y)']['1' 'z' 'xy' '1/z' 'sin(z)' 'cos(z)']
[-9.9936 9.9884 0.0000 28.0281 -1.0337 -1.0003 -0.1224 0.0000 -1.0676
 -2.6395 0.9972 11.0154 0.0000 -0.2580]
[-8.9971 8.9997 0.0000 30.3815 -1.1158 -1.0091 0.3003 0.0000 -0.2730
 -1.9961 1.0023 2.4809 0.0000 0.0000]
[-8.4914 8.4879 0.0000 27.9199 -1.0176 -0.9971 0.0000 0.0000 0.0000
 -2.6613 0.9971 0.0000 0.0000 0.0000]
[-9.9861 9.9914 0.0197 26.9875 -1.0249 -0.9980 -0.0797 -0.0493 -0.2157
 -2.6566 0.9979 1.6721 0.0787 -0.1770]
[-9.9821 9.9871 0.0000 26.9533 -1.0199 -0.9971 -0.2251 0.0000 0.0000
 -2.9886 0.9977 0.0000 0.0000 0.0000]
[-9.9816 9.9826 0.0000 29.0573 -1.0485 -1.0000 0.0000 0.0000 0.0000
 -1.9939 0.9973 0.0000 0.0000 0.0000]

***************  coeff_gsindy_all for 6 trajectories***************
['x' 'y']['x' 'y' 'xz']['z' 'xy']
[-9.9831 9.9834 27.9395 -1.0191 -0.9970 -2.6605 0.9967]
[-8.9983 8.9948 29.9904 -1.0330 -0.9984 -1.9973 0.9974]
[-8.4947 8.4932 27.9733 -1.0286 -0.9976 -2.6645 0.9975]
[-9.9859 9.9860 26.9852 -1.0336 -0.9980 -2.6611 0.9969]
[-9.9860 9.9900 26.9340 -1.0126 -0.9966 -2.9908 0.9980]
[-9.9815 9.9825 29.0592 -1.0496 -1.0000 -1.9938 0.9973]
