
***************  coeff_sindy_all for 6 trajectories***************
['x' 'xy']['y' 'xy']
[0.4493 0.0000 -0.8151 0.8614]
[1.0129 -0.5024 -0.7642 -3.4922]
[0.6215 0.0000 -0.5998 0.5242]
[0.7661 0.0000 -0.8992 0.0000]
[-0.1200 0.0000 -1.5499 0.0000]
[1.2142 -0.4795 -0.8738 0.0000]

***************  coeff_gsindy_one for 6 trajectories***************
['x' 'xy']['y' 'xy']
[0.7001 -0.8000 -0.7999 0.6999]
[1.0001 -0.9999 -0.9999 0.9997]
[0.5001 -0.6000 -0.6000 0.5000]
[1.5020 -1.5004 -1.4989 1.4987]
[1.2005 -1.5000 -1.4994 1.1994]
[1.3004 -1.0000 -0.9995 1.2995]

***************  coeff_gsindy_all for 6 trajectories***************
['x' 'xy']['y' 'xy']
[0.7001 -0.8000 -0.8000 0.6999]
[1.0001 -0.9999 -0.9999 0.9997]
[0.5001 -0.6000 -0.6000 0.5000]
[1.5021 -1.5004 -1.4991 1.4988]
[1.2005 -1.5000 -1.4996 1.1995]
[1.3004 -1.0000 -0.9995 1.2995]

*************** coeff_true for 6 trajectories ***************
['x' 'xy']['y' 'xy']
[0.7000 -0.8000 -0.8000 0.7000]
[1.0000 -1.0000 -1.0000 1.0000]
[0.5000 -0.6000 -0.6000 0.5000]
[1.5000 -1.5000 -1.5000 1.5000]
[1.2000 -1.5000 -1.5000 1.2000]
[1.3000 -1.0000 -1.0000 1.3000]
