
***************  coeff_sindy_all for 6 trajectories***************
['1' 'x' 'y' 'x^2' 'xy' 'y^2' 'x^3' 'x^2y' 'xy^2' 'y^3' 'x^4' '1/x'
 'sin(x)' 'cos(x)' 'exp(x)']['1' 'x' 'y' 'x^2' 'xy' 'y^2' 'x^3' 'x^2y' 'xy^2' 'y^3' 'y^4' '1/y'
 'sin(y)' 'cos(y)' 'exp(y)']
[0.0000 1.7294 0.0000 0.1696 -0.9937 0.0164 -0.2741 0.0335 0.0449 0.0000
 0.0480 0.0007 -1.0434 0.0646 -0.0377 3.7195 0.0221 2.7220 -0.0169 0.8694
 -1.0720 0.0000 -0.0300 -0.0386 -0.5588 0.2503 -0.0047 -2.9943 -3.0808
 -0.6294]
[-10.3582 -9.8436 -0.0003 3.2024 -1.0589 0.0028 1.7321 0.0110 0.0118
 0.0002 -0.7102 0.0030 9.4044 8.7254 1.6020 -13.0540 -0.0016 -14.9671
 0.0092 0.8067 3.9927 0.0008 0.0381 0.0363 2.2683 -0.9091 0.0050 12.1753
 10.9887 2.0265]
[0.0244 0.5443 0.0033 0.0085 -0.6998 0.0079 0.0000 0.0153 0.0255 0.0000
 0.0031 0.0013 -0.0137 0.0000 -0.0205 0.0000 -0.0124 -1.1644 0.0000 0.4853
 -0.0506 0.0013 0.0028 0.0049 0.1559 -0.0231 0.0032 0.6188 0.0024 -0.0133]
[0.0000 1.3707 0.0000 0.0375 -1.4245 -0.0040 0.0000 -0.0142 -0.0151 0.0000
 0.0000 0.0000 0.0961 0.0000 0.0000 0.0000 0.0000 -1.4939 0.0002 1.4903
 -0.0019 0.0000 0.0010 0.0029 0.0000 0.0000 0.0000 -0.0032 0.0000 0.0000]
[0.0000 1.1247 0.0000 0.0223 -1.4699 -0.0029 0.0000 -0.0045 -0.0084 0.0000
 0.0000 0.0000 0.0576 0.0000 0.0000 0.0000 0.0000 -0.7372 0.0000 1.2071
 -0.3485 0.0000 -0.0023 -0.0003 -0.1934 0.0000 0.0000 -1.0443 -0.3054
 0.3018]
[8.7294 9.8540 -0.0071 -2.8966 -1.1027 0.0039 -1.2614 0.0196 0.0157 0.0000
 0.5619 0.0002 -7.2984 -7.4260 -1.2947 0.1070 -0.1479 -1.6661 0.0750
 2.0625 -0.2854 -0.0301 -0.1483 -0.1146 0.2430 -0.0374 0.0091 0.7576
 -0.1976 0.0243]

***************  coeff_gsindy_one for 6 trajectories***************
['1' 'x' 'x^2' 'xy' 'x^4' 'sin(x)' 'cos(x)' 'exp(x)']['y' 'xy']
[-1.3044 0.2192 0.4559 -0.8000 -0.0559 0.2640 1.0952 0.2102 -0.8000 0.6999]
[0.0000 1.0001 0.0000 -0.9999 0.0000 0.0000 0.0000 0.0000 -0.9999 0.9997]
[0.0000 0.5001 0.0000 -0.6000 0.0000 0.0000 0.0000 0.0000 -0.6000 0.5000]
[0.0000 1.5020 0.0000 -1.5004 0.0000 0.0000 0.0000 0.0000 -1.4989 1.4987]
[0.0000 1.2005 0.0000 -1.5000 0.0000 0.0000 0.0000 0.0000 -1.4994 1.1994]
[0.0000 1.3004 0.0000 -1.0000 0.0000 0.0000 0.0000 0.0000 -0.9995 1.2995]

***************  coeff_gsindy_all for 6 trajectories***************
['x' 'xy']['y' 'xy']
[0.7001 -0.8000 -0.8000 0.6999]
[1.0001 -0.9999 -0.9999 0.9997]
[0.5001 -0.6000 -0.6000 0.5000]
[1.5021 -1.5004 -1.4991 1.4988]
[1.2005 -1.5000 -1.4996 1.1995]
[1.3004 -1.0000 -0.9995 1.2995]
