
***************  coeff_sindy_all for 6 trajectories***************
['x' 'xy']['y' 'xy']
[1.7294 -0.9937 2.7220 0.8694]
[-9.8436 -1.0589 -14.9671 0.8067]
[0.5443 -0.6998 -1.1644 0.4853]
[1.3707 -1.4245 -1.4939 1.4903]
[1.1247 -1.4699 -0.7372 1.2071]
[9.8540 -1.1027 -1.6661 2.0625]

***************  coeff_gsindy_one for 6 trajectories***************
['x' 'xy']['y' 'xy']
[0.2192 -0.8000 -0.8000 0.6999]
[1.0001 -0.9999 -0.9999 0.9997]
[0.5001 -0.6000 -0.6000 0.5000]
[1.5020 -1.5004 -1.4989 1.4987]
[1.2005 -1.5000 -1.4994 1.1994]
[1.3004 -1.0000 -0.9995 1.2995]

***************  coeff_gsindy_all for 6 trajectories***************
['x' 'xy']['y' 'xy']
[0.7001 -0.8000 -0.8000 0.6999]
[1.0001 -0.9999 -0.9999 0.9997]
[0.5001 -0.6000 -0.6000 0.5000]
[1.5021 -1.5004 -1.4991 1.4988]
[1.2005 -1.5000 -1.4996 1.1995]
[1.3004 -1.0000 -0.9995 1.2995]

*************** coeff_true for 6 trajectories ***************
['x' 'xy']['y' 'xy']
[0.7000 -0.8000 -0.8000 0.7000]
[1.0000 -1.0000 -1.0000 1.0000]
[0.5000 -0.6000 -0.6000 0.5000]
[1.5000 -1.5000 -1.5000 1.5000]
[1.2000 -1.5000 -1.5000 1.2000]
[1.3000 -1.0000 -1.0000 1.3000]
