
***************  coeff_sindy_all for 6 trajectories***************
['1' 'x' 'y' 'x^2' 'xy' 'y^2' 'x^3' 'x^2y' 'xy^2' 'y^3' 'x^4' 'x^3y'
 'x^2y^2' 'xy^3' 'y^4' 'x^5' 'x^4y' 'x^3y^2' 'x^2y^3' 'xy^4' 'y^5']['x' 'y' 'x^3' 'xy^2' 'x^4y' 'y^5']
[0.0000 4.9035 -5.0167 0.0000 0.0000 0.0000 -2.4526 0.0526 0.2255 0.1001
 0.0000 0.0000 0.0000 0.0000 0.0000 0.0000 0.0000 -0.0879 -0.0988 -0.0701
 -0.1346 0.2000 0.0000 0.0000 0.0000 0.0000 0.0000]
[-0.0173 5.0813 -5.2087 0.0000 -0.0024 0.0131 -1.5433 0.0000 -0.1211
 0.2198 0.0015 0.0038 0.0000 0.0000 0.0096 0.0057 0.0170 0.0607 0.0000
 0.0257 0.0320 0.2000 0.0000 0.0000 0.0000 0.0000 0.0000]
[0.0039 4.8371 -5.5991 -0.0028 -0.0030 -0.0098 -1.9209 0.3178 0.4317
 0.9940 0.0005 0.0011 0.0038 0.0034 0.0062 -0.0061 -0.0160 -0.0747 -0.3517
 -0.2857 -0.2401 0.3015 0.0008 -0.0006 -0.0018 -0.0003 -0.0016]
[0.0000 5.0010 -5.0007 0.0000 0.0000 0.0000 -1.0002 0.0000 0.0000 0.0000
 0.0000 0.0000 0.0000 0.0000 0.0000 0.0000 0.0000 0.0000 0.0000 0.0000
 0.0000 0.3000 0.0000 0.0000 0.0000 0.0000 0.0000]
[0.0851 4.5970 -6.4620 -0.0333 -0.0210 -0.1111 -1.6077 0.6090 0.7969
 1.8663 0.0016 -0.0005 0.0282 0.0215 0.0209 -0.0021 0.0007 -0.0765 -0.5229
 -0.3891 -0.3127 0.4000 0.0000 0.0000 0.0000 0.0000 0.0000]
[0.0000 5.0927 -5.7030 0.0000 0.0000 0.0000 -3.0538 0.3608 0.0167 1.3517
 0.0000 0.0000 0.0000 0.0000 0.0000 0.0000 -0.0018 0.1878 -0.4500 -0.3599
 -0.0961 0.4000 0.0000 0.0000 0.0000 0.0000 0.0000]

***************  coeff_gsindy_one for 6 trajectories***************
['x' 'y' 'x^3' 'x^2y' 'xy^2' 'y^3' 'x^4y' 'x^3y^2' 'x^2y^3' 'xy^4' 'y^5']['x']
[4.9989 -4.9991 -2.4995 0.0000 0.0000 0.0000 0.0000 0.0000 0.0000 0.0000
 0.0000 0.2000]
[5.0016 -5.0013 -1.5005 0.0000 0.0000 0.0000 0.0000 0.0000 0.0000 0.0000
 0.0000 0.2000]
[4.9620 -5.2944 -1.9852 0.1282 0.1176 0.4639 0.0000 0.0000 -0.1356 -0.0942
 -0.0839 0.3000]
[5.0010 -5.0008 -1.0002 0.0000 0.0000 0.0000 0.0000 0.0000 0.0000 0.0000
 0.0000 0.3000]
[4.9994 -4.9995 -1.7498 0.0000 0.0000 0.0000 0.0000 0.0000 0.0000 0.0000
 0.0000 0.4000]
[5.0598 -5.7224 -3.0348 0.3674 0.0783 1.3448 0.0113 0.1813 -0.4513 -0.3666
 -0.0162 0.4000]

***************  coeff_gsindy_all for 6 trajectories***************
['x' 'y' 'x^3']['x']
[4.9989 -4.9991 -2.4995 0.2000]
[5.0016 -5.0013 -1.5005 0.2000]
[4.9993 -4.9996 -1.9997 0.3000]
[5.0010 -5.0007 -1.0002 0.3000]
[4.9994 -4.9999 -1.7497 0.4000]
[5.0009 -5.0009 -3.0005 0.4000]
