
***************  coeff_sindy_all for 6 trajectories***************
['x' 'y' 'x^3']['x']
[2.3862 -5.0027 1.3361 0.2000]
[5.6323 -5.0012 -2.0415 0.2000]
[5.1157 -5.0067 -2.0011 0.3000]
[5.0698 -4.9989 -1.0448 0.3000]
[5.1416 -5.0106 -1.7705 0.4000]
[2.8643 -5.0143 1.9674 0.4000]

***************  coeff_gsindy_one for 6 trajectories***************
['x' 'y' 'x^3']['x']
[4.9989 -4.9991 -2.4995 0.2000]
[5.0016 -5.0013 -1.5005 0.2000]
[4.9993 -4.9996 -1.9997 0.3000]
[5.0010 -5.0008 -1.0002 0.3000]
[5.1287 -5.0102 -1.7650 0.4000]
[5.0011 -5.0008 -3.0007 0.4000]

***************  coeff_gsindy_all for 6 trajectories***************
['x' 'y' 'x^3']['x']
[4.9989 -4.9991 -2.4995 0.2000]
[5.0016 -5.0013 -1.5005 0.2000]
[4.9993 -4.9996 -1.9997 0.3000]
[5.0010 -5.0007 -1.0002 0.3000]
[4.9994 -4.9999 -1.7497 0.4000]
[5.0009 -5.0009 -3.0005 0.4000]

*************** coeff_true for 6 trajectories ***************
['x' 'y' 'x^3']['x']
[5.0000 -5.0000 -2.5000 0.2000]
[5.0000 -5.0000 -1.5000 0.2000]
[5.0000 -5.0000 -2.0000 0.3000]
[5.0000 -5.0000 -1.0000 0.3000]
[5.0000 -5.0000 -1.7500 0.4000]
[5.0000 -5.0000 -3.0000 0.4000]
