
***************  coeff_sindy_all for 6 trajectories***************
['1' 'x' 'y' 'x^2' 'xy' 'y^2' 'x^3' 'x^2y' 'xy^2' 'y^3' 'x^4' 'sin(x)'
 'cos(x)' 'exp(x)']['x']
[22.9715 2.3862 -5.0027 -1.2094 0.0000 0.0000 1.3361 0.0100 0.0203 0.0006
 0.9507 12.8810 -12.6997 -10.2723 0.2000]
[-1.8976 5.6323 -5.0012 -0.3664 -0.0074 -0.0208 -2.0415 -0.0040 -0.0081
 0.0027 -0.0895 -1.9653 0.5758 1.3375 0.2000]
[-0.0160 5.1157 -5.0067 0.0483 0.0000 0.0000 -2.0011 0.0028 0.0060 0.0094
 0.0000 -0.0830 0.0573 -0.0411 0.3000]
[0.1229 5.0698 -4.9989 -0.1482 -0.0041 -0.0131 -1.0448 -0.0009 -0.0021
 -0.0004 0.0000 -0.1703 -0.2081 0.1036 0.3000]
[0.0028 5.1416 -5.0106 -0.0078 0.0000 0.0000 -1.7705 0.0031 0.0066 0.0116
 0.0000 -0.1589 -0.0095 0.0066 0.4000]
[30.3169 2.8643 -5.0143 -1.2996 0.0000 0.0000 1.9674 0.0107 0.0271 0.0240
 1.2571 15.9761 -16.4625 -13.8550 0.4000]

***************  coeff_gsindy_one for 6 trajectories***************
['1' 'x' 'y' 'x^2' 'x^3' 'x^2y' 'xy^2' 'y^3' 'sin(x)' 'cos(x)' 'exp(x)']['x']
[0.0000 4.9989 -4.9991 0.0000 -2.4995 0.0000 0.0000 0.0000 0.0000 0.0000
 0.0000 0.2000]
[0.0000 5.0016 -5.0013 0.0000 -1.5005 0.0000 0.0000 0.0000 0.0000 0.0000
 0.0000 0.2000]
[0.0000 4.9993 -4.9996 0.0000 -1.9997 0.0000 0.0000 0.0000 0.0000 0.0000
 0.0000 0.3000]
[0.0000 5.0010 -5.0008 0.0000 -1.0002 0.0000 0.0000 0.0000 0.0000 0.0000
 0.0000 0.3000]
[-0.0013 5.1287 -5.0102 0.0049 -1.7650 0.0031 0.0066 0.0110 -0.1351 0.0055
 -0.0042 0.4000]
[0.0000 5.0011 -5.0008 0.0000 -3.0007 0.0000 0.0000 0.0000 0.0000 0.0000
 0.0000 0.4000]

***************  coeff_gsindy_all for 6 trajectories***************
['x' 'y' 'x^3']['x']
[4.9989 -4.9991 -2.4995 0.2000]
[5.0016 -5.0013 -1.5005 0.2000]
[4.9993 -4.9996 -1.9997 0.3000]
[5.0010 -5.0007 -1.0002 0.3000]
[4.9994 -4.9999 -1.7497 0.4000]
[5.0009 -5.0009 -3.0005 0.4000]
