
***************  coeff_sindy_all for 6 trajectories***************
['1' 'x' 'y' 'x^2' 'xy' 'y^2' 'x^3' 'x^2y' 'xy^2' 'y^3' 'x^4' '1/x'
 'sin(x)' 'cos(x)' 'exp(x)']['1' 'x' 'y' 'x^2' 'xy' 'y^2' 'x^3' 'x^2y' 'xy^2' 'y^3' '1/y' 'sin(y)'
 'cos(y)']
[1.7752 -8.1750 -0.2504 -1.9864 0.5192 0.0528 1.5346 0.8933 -0.0575
 -0.0039 -0.2834 0.0586 3.8976 -1.3005 0.4501 -0.1849 2.4074 0.0000 0.2367
 0.3062 0.0113 -0.0300 -1.0467 -0.0412 0.0000 0.2182 0.0681 -0.0052]
[-153.2394 -178.9007 -0.1156 46.2123 0.3912 0.0195 29.4143 0.9083 -0.0424
 -0.0011 -11.1536 0.0647 153.7593 129.6232 23.8212 -1.1880 3.0319 0.6130
 -0.2220 -0.3553 -0.0735 0.0215 -0.9144 0.0382 0.0000 0.4696 0.0897 0.1153]
[11797.2935 -42897.9142 0.0000 5809.4123 -0.0008 0.0000 11372.2117 1.0034
 0.0000 0.0000 0.0000 0.0531 54707.5626 0.0000 -11798.1106 0.0061 2.4989
 0.0026 0.5109 -0.0222 0.0000 -0.7556 -0.9708 0.0006 0.0000 0.0004 0.0000
 0.0000]
[20.0635 -7.3116 -0.1594 -12.2860 0.3253 0.0369 4.0673 0.9293 -0.0352
 -0.0031 -0.0259 0.0902 6.6788 -18.4896 -1.2848 -5.9476 3.9410 5.0226
 -0.4626 -0.6723 -1.3454 0.0464 -0.8514 0.0723 0.1085 2.1512 -0.4774
 0.5339]
[0.0000 -1213.5106 0.0000 2.1928 0.0014 0.0000 195.7538 0.9920 0.0000
 0.0000 0.0000 0.0000 1208.6074 0.0000 0.5202 0.0000 2.8012 0.0000 -0.0150
 0.0000 0.0000 0.0000 -0.9989 0.0000 0.0000 0.0002 0.0000 0.0000]
[1.2909 18.7142 0.5401 1.1287 -2.6503 -0.0536 -4.9180 1.4710 0.2718 0.0000
 0.9668 -0.0047 -18.2871 -0.3359 -1.0092 -13.0425 4.4259 9.0240 -0.7419
 -0.7705 -2.1157 0.0650 -0.8101 0.0663 0.1538 5.7125 -0.3168 0.9775]

***************  coeff_gsindy_one for 6 trajectories***************
['1' 'x' 'y' 'x^2' 'xy' 'y^2' 'x^3' 'x^2y' 'xy^2' 'x^4' '1/x' 'sin(x)'
 'cos(x)' 'exp(x)']['1' 'x' 'y' 'x^2' 'xy' 'y^2' 'x^3' 'x^2y' 'xy^2' '1/y' 'sin(y)' 'cos(y)']
[-0.8642 -1.9541 0.0000 0.6163 0.0000 0.0000 -0.5615 0.9972 0.0000 0.0000
 0.0000 -2.3890 1.5027 0.3562 0.0000 2.3729 0.0000 0.2437 0.3337 0.0000
 -0.0294 -1.0530 -0.0436 0.0840 0.0000 0.0363]
[-136.1002 -144.9653 -0.0169 43.4051 0.1338 0.0000 22.1244 0.9603 -0.0113
 -9.2359 0.0175 121.6621 115.8579 20.7770 0.0725 2.7731 0.0000 -0.0811
 -0.2283 0.0000 0.0020 -0.9473 0.0252 -0.0935 -0.0056 0.0000]
[0.0000 0.0000 0.0000 0.0000 0.0000 0.0000 0.0000 0.0000 0.0000 0.0000
 0.0000 0.0000 0.0000 0.0000 0.1384 0.0000 0.0000 0.0000 0.0000 0.0000
 0.0000 0.0000 0.0000 0.6093 -0.0797 0.0000]
[0.0000 -35.6976 -0.0497 -5.2821 0.2382 0.0039 8.7267 0.9431 -0.0238
 -1.5751 0.0600 32.1591 -1.1085 1.4800 -2.8142 3.6114 1.4540 -0.3385
 -0.4678 -0.1791 0.0341 -0.8919 0.0485 1.1307 0.1978 0.2993]
[-162.5381 -213.0711 0.0000 0.0000 0.0000 0.0000 0.0000 0.9993 0.0000
 0.0000 0.0000 125.0028 79.2860 83.7666 -0.0362 3.1411 0.0269 -0.5491
 -0.2606 -0.0007 0.0000 -0.6426 0.0096 0.0023 0.0000 0.0000]
[0.6969 -4.0052 0.0000 0.0000 0.0000 0.0000 0.0000 1.0068 0.0000 0.0000
 0.0000 0.0000 0.0000 0.0000 0.0000 2.8115 0.0000 0.0000 0.0000 0.0000
 0.0000 -1.0079 0.0000 0.0000 0.0000 0.0000]

***************  coeff_gsindy_all for 6 trajectories***************
['1' 'x' 'x^2y' 'cos(x)']['x' 'x^2y']
[0.9485 -3.9615 0.9973 0.0415 2.9926 -0.9978]
[0.7091 -3.9354 0.9973 0.0764 2.4936 -0.9980]
[0.6673 -4.0097 0.9987 -0.0665 2.5997 -0.9999]
[0.8190 -3.9439 0.9974 0.0673 2.7926 -0.9979]
[0.7053 -4.0417 1.0023 -0.2016 2.7995 -0.9996]
[0.4987 -3.9247 1.0070 0.1877 2.8115 -1.0079]
