
***************  coeff_sindy_all for 6 trajectories***************
['1' 'x' 'x^2y']['x' 'x^2y']
[1.7752 -8.1750 0.8933 2.4074 -1.0467]
[-153.2394 -178.9007 0.9083 3.0319 -0.9144]
[11797.2935 -42897.9142 1.0034 2.4989 -0.9708]
[20.0635 -7.3116 0.9293 3.9410 -0.8514]
[0.0000 -1213.5106 0.9920 2.8012 -0.9989]
[1.2909 18.7142 1.4710 4.4259 -0.8101]

***************  coeff_gsindy_one for 6 trajectories***************
['1' 'x' 'x^2y']['x' 'x^2y']
[-0.8642 -1.9541 0.9972 2.3729 -1.0530]
[-136.1002 -144.9653 0.9603 2.7731 -0.9473]
[0.0000 0.0000 0.0000 0.0000 0.0000]
[0.0000 -35.6976 0.9431 3.6114 -0.8919]
[-162.5381 -213.0711 0.9993 3.1411 -0.6426]
[0.6969 -4.0052 1.0068 2.8115 -1.0079]

***************  coeff_gsindy_all for 6 trajectories***************
['1' 'x' 'x^2y']['x' 'x^2y']
[0.9485 -3.9615 0.9973 2.9926 -0.9978]
[0.7091 -3.9354 0.9973 2.4936 -0.9980]
[0.6673 -4.0097 0.9987 2.5997 -0.9999]
[0.8190 -3.9439 0.9974 2.7926 -0.9979]
[0.7053 -4.0417 1.0023 2.7995 -0.9996]
[0.4987 -3.9247 1.0070 2.8115 -1.0079]

*************** coeff_true for 6 trajectories ***************
['1' 'x' 'x^2y']['x' 'x^2y']
[1.0000 -4.0000 1.0000 3.0000 -1.0000]
[0.8000 -4.0000 1.0000 2.5000 -1.0000]
[0.6000 -4.0000 1.0000 2.6000 -1.0000]
[0.9000 -4.0000 1.0000 2.8000 -1.0000]
[0.5000 -4.0000 1.0000 2.8000 -1.0000]
[0.7000 -4.0000 1.0000 2.8000 -1.0000]
