
***************  coeff_sindy_all for 6 trajectories***************
['y' 'x^2' 'x^3' 'xy^2']['x' 'y' 'x^2y' 'y^3']
[-0.5995 -10.0040 0.0000 -0.9993 0.9997 -0.0542 -0.6019 -0.2534]
[-0.7994 16.0255 27.0231 -0.9985 0.9990 -0.3547 -0.8005 -0.5771]
[-0.6028 -740.1163 -7645.1916 -1.0107 1.0304 -0.1616 -0.5004 -287.4627]
[-0.7980 91.2999 851.5475 -0.9924 0.9950 -2.9628 -0.8024 3.2221]
[-0.9995 105.1387 776.8952 -0.9914 0.9942 -4.6089 -0.9906 5.5803]
[-0.9997 19.0518 -72.7758 -0.9938 0.9946 -0.2532 -0.9996 43.7358]

***************  coeff_gsindy_one for 6 trajectories***************
['y' 'x^2' 'x^3' 'xy^2']['x' 'y' 'x^2y' 'y^3']
[-0.6000 0.3754 -0.4990 -0.9997 1.0000 0.2000 -0.5995 -0.4999]
[-0.7999 0.4001 -0.7001 -0.9994 1.0001 0.3998 -0.7988 -0.6998]
[-0.6000 0.0000 0.0000 -0.9955 1.0046 0.0000 0.0000 0.0000]
[-0.7998 0.4003 -1.0004 -0.9969 1.0002 0.3995 -0.7955 -0.9993]
[-0.9997 0.4005 -1.0005 -0.9953 1.0003 0.3992 -0.9932 -0.9986]
[-0.9998 0.6000 -0.9976 -0.9972 1.0001 0.4194 -0.9976 -0.9707]

***************  coeff_gsindy_all for 6 trajectories***************
['y' 'x^2' 'x^3' 'xy^2']['x' 'y' 'x^2y' 'y^3']
[-0.6000 0.2000 -0.5000 -0.9998 1.0000 0.0000 -0.6000 -0.4678]
[-0.7999 0.4001 -0.7001 -0.9994 1.0000 0.0000 -0.7994 -0.6353]
[-0.5999 0.2009 -0.9988 -0.9955 1.0001 0.0000 -0.5925 -0.9659]
[-0.7998 0.4002 -1.0003 -0.9966 1.0001 0.0000 -0.7962 -0.9334]
[-0.9997 0.4004 -1.0005 -0.9950 1.0002 0.0000 -0.9932 -0.9322]
[-0.9998 0.6002 -1.0004 -0.9979 1.0001 0.0000 -0.9970 -0.9007]

*************** coeff_true for 6 trajectories ***************
['y' 'x^2' 'x^3' 'xy^2']['x' 'y' 'x^2y' 'y^3']
[-0.6000 0.2000 -0.5000 -1.0000 1.0000 0.2000 -0.6000 -0.5000]
[-0.8000 0.4000 -0.7000 -1.0000 1.0000 0.4000 -0.8000 -0.7000]
[-0.6000 0.2000 -1.0000 -1.0000 1.0000 0.2000 -0.6000 -1.0000]
[-0.8000 0.4000 -1.0000 -1.0000 1.0000 0.4000 -0.8000 -1.0000]
[-1.0000 0.4000 -1.0000 -1.0000 1.0000 0.4000 -1.0000 -1.0000]
[-1.0000 0.6000 -1.0000 -1.0000 1.0000 0.6000 -1.0000 -1.0000]
